16 3.4892773628234863
17 3.450333595275879
18 3.4145450592041016
19 3.381545066833496
20 3.3510243892669678
21 3.322718620300293
22 3.296402931213379
23 3.271878957748413
24 3.2489728927612305
25 3.2275309562683105
26 3.2074129581451416
27 3.188494920730591
28 3.1706647872924805
29 3.1538240909576416
30 3.1378839015960693
31 3.122765302658081
32 3.108397960662842
33 3.094719886779785
34 3.0816757678985596
35 3.06921648979187
36 3.0572988986968994
37 3.0458824634552
38 3.034933567047119
39 3.0244200229644775
40 3.0143136978149414
41 3.004589319229126
42 2.9952239990234375
43 2.9861960411071777
44 2.9774868488311768
45 2.969078540802002
46 2.9609553813934326
47 2.9531023502349854
48 2.9455056190490723
49 2.9381532669067383
50 2.931032419204712
51 2.9241325855255127
52 2.9174442291259766
53 2.910957098007202
54 2.9046618938446045
55 2.8985509872436523
56 2.892615795135498
57 2.8868486881256104
58 2.8812427520751953
59 2.875791549682617
60 2.870487928390503
61 2.8653266429901123
62 2.8603014945983887
63 2.855407238006592
64 2.8506388664245605
65 2.8459904193878174
66 2.841458797454834
67 2.837038278579712
68 2.8327255249023438
69 2.8285162448883057
70 2.8244054317474365
71 2.8203909397125244
72 2.8164687156677246
73 2.8126351833343506
74 2.808887243270874
75 2.8052220344543457
76 2.8016364574432373
77 2.7981274127960205
78 2.7946929931640625
79 2.791329860687256
80 2.7880358695983887
81 2.784809112548828
82 2.781647205352783
83 2.7785470485687256
84 2.775507688522339
85 2.772526741027832
86 2.7696027755737305
87 2.7667336463928223
88 2.7639172077178955
89 2.761152744293213
90 2.7584381103515625
91 2.7557716369628906
92 2.75315260887146
93 2.7505788803100586
94 2.748049736022949
95 2.7455639839172363
96 2.743119478225708
97 2.7407162189483643
98 2.7383522987365723
99 2.7360270023345947
100 2.733739137649536
101 2.731487989425659
102 2.7292721271514893
103 2.727091073989868
104 2.7249438762664795
105 2.722829818725586
106 2.720747470855713
107 2.7186970710754395
108 2.716676950454712
109 2.714686870574951
110 2.712725877761841
111 2.7107934951782227
112 2.7088887691497803
113 2.7070119380950928
114 2.7051610946655273
115 2.703336715698242
116 2.7015380859375
117 2.6997640132904053
118 2.698014259338379
119 2.696288824081421
120 2.694586753845215
121 2.6929078102111816
122 2.691251277923584
123 2.6896169185638428
124 2.6880035400390625
125 2.6864118576049805
126 2.6848409175872803
127 2.683290481567383
128 2.68176007270813
129 2.680248975753784
130 2.678757667541504
131 2.6772847175598145
132 2.675830364227295
133 2.674394130706787
134 2.672976016998291
135 2.6715757846832275
136 2.670191764831543
137 2.66882586479187
138 2.667475700378418
139 2.666142463684082
140 2.664824962615967
141 2.6635234355926514
142 2.6622374057769775
143 2.660966396331787
144 2.6597108840942383
145 2.6584696769714355
146 2.657242774963379
147 2.6560306549072266
148 2.654832601547241
149 2.6536478996276855
150 2.6524767875671387
151 2.6513195037841797
152 2.650174856185913
153 2.649043321609497
154 2.6479246616363525
155 2.646818161010742
156 2.645724058151245
157 2.644641876220703
158 2.6435720920562744
159 2.6425139904022217
160 2.641467332839966
161 2.6404318809509277
162 2.6394076347351074
163 2.638394594192505
164 2.637392520904541
165 2.6364009380340576
166 2.6354198455810547
167 2.6344492435455322
168 2.633488416671753
169 2.632538318634033
170 2.6315979957580566
171 2.630666971206665
172 2.6297457218170166
173 2.6288340091705322
174 2.627931833267212
175 2.6270384788513184
176 2.6261544227600098
177 2.625279426574707
178 2.624413251876831
179 2.6235554218292236
180 2.622706413269043
181 2.621865749359131
182 2.621032953262329
183 2.620208978652954
184 2.6193928718566895
185 2.618584632873535
186 2.617784023284912
187 2.6169912815093994
188 2.616205930709839
189 2.6154282093048096
190 2.6146581172943115
191 2.6138954162597656
192 2.6131393909454346
193 2.6123909950256348
194 2.61164927482605
195 2.610914707183838
196 2.610186815261841
197 2.6094653606414795
198 2.608751058578491
199 2.6080427169799805
200 2.6073415279388428
201 2.6066460609436035
202 2.60595703125
203 2.6052744388580322
204 2.604597806930542
205 2.603926658630371
206 2.603262186050415
207 2.6026034355163574
208 2.6019504070281982
209 2.6013031005859375
210 2.600661277770996
211 2.600024938583374
212 2.5993945598602295
213 2.598769187927246
214 2.598149299621582
215 2.5975351333618164
216 2.5969254970550537
217 2.5963213443756104
218 2.5957224369049072
219 2.595127820968628
220 2.594538688659668
221 2.593954563140869
222 2.5933749675750732
223 2.5928008556365967
224 2.5922303199768066
225 2.591665267944336
226 2.591104507446289
227 2.590548038482666
228 2.589996576309204
229 2.589449405670166
230 2.588906764984131
231 2.5883679389953613
232 2.5878336429595947
233 2.587303638458252
234 2.586777925491333
235 2.586256265640259
236 2.5857386589050293
237 2.5852248668670654
238 2.5847151279449463
239 2.584209680557251
240 2.583707809448242
241 2.583209753036499
242 2.5827157497406006
243 2.5822253227233887
244 2.5817387104034424
245 2.5812559127807617
246 2.5807759761810303
247 2.5803003311157227
248 2.5798282623291016
249 2.579359292984009
250 2.5788941383361816
251 2.578432083129883
252 2.5779738426208496
253 2.5775184631347656
254 2.577066659927368
255 2.576618194580078
256 2.5761730670928955
257 2.575730800628662
258 2.5752921104431152
259 2.5748560428619385
260 2.574423313140869
261 2.5739939212799072
262 2.5735673904418945
263 2.57314395904541
264 2.572723150253296
265 2.572305917739868
266 2.5718908309936523
267 2.571479082107544
268 2.5710699558258057
269 2.5706639289855957
270 2.5702602863311768
271 2.5698599815368652
272 2.5694620609283447
273 2.5690667629241943
274 2.568674087524414
275 2.568284273147583
276 2.567897081375122
277 2.5675127506256104
278 2.5671303272247314
279 2.566751003265381
280 2.5663740634918213
281 2.5659995079040527
282 2.565627336502075
283 2.5652575492858887
284 2.5648906230926514
285 2.564525842666626
286 2.5641632080078125
287 2.563803195953369
288 2.563445806503296
289 2.5630898475646973
290 2.5627365112304688
291 2.5623860359191895
292 2.562037467956543
293 2.5616908073425293
294 2.5613465309143066
295 2.561004400253296
296 2.560664415359497
297 2.56032657623291
298 2.559990644454956
299 2.559656858444214
300 2.5593252182006836
301 2.5589962005615234
302 2.558668613433838
303 2.5583431720733643
304 2.5580196380615234
305 2.5576982498168945
306 2.5573785305023193
307 2.557060718536377
308 2.5567452907562256
309 2.556431293487549
310 2.556119680404663
311 2.55580997467041
312 2.5555012226104736
313 2.555194854736328
314 2.5548901557922363
315 2.5545873641967773
316 2.5542867183685303
317 2.553987741470337
318 2.55368971824646
319 2.5533945560455322
320 2.5531005859375
321 2.5528080463409424
322 2.5525176525115967
323 2.5522282123565674
324 2.551941394805908
325 2.5516557693481445
326 2.5513715744018555
327 2.551089286804199
328 2.5508081912994385
329 2.5505292415618896
330 2.5502519607543945
331 2.549975633621216
332 2.54970121383667
333 2.5494279861450195
334 2.549156904220581
335 2.548886775970459
336 2.5486183166503906
337 2.548351287841797
338 2.548085927963257
339 2.5478219985961914
340 2.5475592613220215
341 2.5472981929779053
342 2.5470385551452637
343 2.5467801094055176
344 2.5465235710144043
345 2.5462679862976074
346 2.546013593673706
347 2.5457608699798584
348 2.5455095767974854
349 2.5452592372894287
350 2.5450103282928467
351 2.5447633266448975
352 2.5445168018341064
353 2.54427170753479
354 2.5440282821655273
355 2.5437862873077393
356 2.5435452461242676
357 2.5433056354522705
358 2.5430667400360107
359 2.5428292751312256
360 2.5425937175750732
361 2.542358875274658
362 2.5421252250671387
363 2.5418922901153564
364 2.541661500930786
365 2.541431427001953
366 2.5412025451660156
367 2.5409748554229736
368 2.540748357772827
369 2.540522813796997
370 2.5402982234954834
371 2.5400755405426025
372 2.539853096008301
373 2.5396320819854736
374 2.539412260055542
375 2.539193630218506
376 2.5389761924743652
377 2.538759469985962
378 2.538543939590454
379 2.5383293628692627
380 2.538116216659546
381 2.537903308868408
382 2.5376925468444824
383 2.5374817848205566
384 2.5372724533081055
385 2.537064552307129
386 2.5368568897247314
387 2.5366506576538086
388 2.536445140838623
389 2.536241292953491
390 2.5360374450683594
391 2.535835027694702
392 2.5356338024139404
393 2.535433292388916
394 2.535233736038208
395 2.5350348949432373
396 2.534837484359741
397 2.5346407890319824
398 2.53444504737854
399 2.534250259399414
400 2.5340561866760254
401 2.533862829208374
402 2.5336709022521973
403 2.533479690551758
404 2.5332891941070557
405 2.533099412918091
406 2.5329108238220215
407 2.5327229499816895
408 2.532536029815674
409 2.5323495864868164
410 2.5321640968322754
411 2.531980276107788
412 2.531796455383301
413 2.53161358833313
414 2.5314314365386963
415 2.5312507152557373
416 2.5310702323913574
417 2.530890703201294
418 2.5307118892669678
419 2.530533790588379
420 2.5303568840026855
421 2.5301806926727295
422 2.5300049781799316
423 2.529829978942871
424 2.529656171798706
425 2.52948260307312
426 2.5293099880218506
427 2.5291383266448975
428 2.5289673805236816
429 2.528796672821045
430 2.528627634048462
431 2.5284583568573
432 2.5282905101776123
433 2.528123140335083
434 2.527956485748291
435 2.527790069580078
436 2.52762508392334
437 2.5274603366851807
438 2.527296543121338
439 2.5271334648132324
440 2.526970863342285
441 2.526808977127075
442 2.52664852142334
443 2.5264878273010254
444 2.526327610015869
445 2.5261688232421875
446 2.526010513305664
447 2.5258524417877197
448 2.525695323944092
449 2.5255391597747803
450 2.525383472442627
451 2.5252277851104736
452 2.525073766708374
453 2.5249197483062744
454 2.524766445159912
455 2.524613618850708
456 2.524461507797241
457 2.524310350418091
458 2.5241596698760986
459 2.5240094661712646
460 2.523859977722168
461 2.5237107276916504
462 2.523562431335449
463 2.5234146118164062
464 2.5232675075531006
465 2.523120880126953
466 2.522974729537964
467 2.522829294204712
468 2.5226848125457764
469 2.522540807723999
470 2.5223968029022217
471 2.5222537517547607
472 2.522111177444458
473 2.5219693183898926
474 2.5218281745910645
475 2.5216870307922363
476 2.5215463638305664
477 2.521406888961792
478 2.5212674140930176
479 2.5211291313171387
480 2.5209908485412598
481 2.520853281021118
482 2.5207159519195557
483 2.5205793380737305
484 2.5204434394836426
485 2.5203075408935547
486 2.5201728343963623
487 2.520038366317749
488 2.519904136657715
489 2.519770622253418
490 2.5196380615234375
491 2.519505739212036
492 2.519373893737793
493 2.519242286682129
494 2.519111156463623
495 2.5189807415008545
496 2.518850803375244
497 2.518721580505371
498 2.518592357635498
499 2.5184638500213623
500 2.5183358192443848
501 2.5182085037231445
502 2.5180811882019043
503 2.5179545879364014
504 2.517828941345215
505 2.517703056335449
506 2.517578125
507 2.5174529552459717
508 2.5173287391662598
509 2.517205238342285
510 2.5170817375183105
511 2.516958475112915
512 2.516836166381836
513 2.516714334487915
514 2.5165927410125732
515 2.5164713859558105
516 2.516350746154785
517 2.516230344772339
518 2.51611065864563
519 2.515991449356079
520 2.5158724784851074
521 2.515753746032715
522 2.5156359672546387
523 2.5155179500579834
524 2.5154008865356445
525 2.5152840614318848
526 2.515167713165283
527 2.5150513648986816
528 2.5149359703063965
529 2.5148208141326904
530 2.5147058963775635
531 2.514591693878174
532 2.5144777297973633
533 2.514364004135132
534 2.5142507553100586
535 2.5141382217407227
536 2.5140256881713867
537 2.51391339302063
538 2.5138020515441895
539 2.513690948486328
540 2.513580083847046
541 2.5134694576263428
542 2.513359546661377
543 2.5132501125335693
544 2.5131406784057617
545 2.513031482696533
546 2.512923002243042
547 2.51281476020813
548 2.512707233428955
549 2.512599468231201
550 2.5124924182891846
551 2.5123863220214844
552 2.512279510498047
553 2.512173652648926
554 2.512068033218384
555 2.511962652206421
556 2.5118579864501953
557 2.5117533206939697
558 2.5116491317749023
559 2.511545181274414
560 2.511441707611084
561 2.511338233947754
562 2.5112357139587402
563 2.5111329555511475
564 2.511031150817871
565 2.510929584503174
566 2.5108275413513184
567 2.5107266902923584
568 2.5106260776519775
569 2.5105254650115967
570 2.510425329208374
571 2.5103256702423096
572 2.510226011276245
573 2.510127067565918
574 2.51002836227417
575 2.509929656982422
576 2.509831666946411
577 2.5097336769104004
578 2.509636402130127
579 2.5095388889312744
580 2.50944185256958
581 2.509345769882202
582 2.509249448776245
583 2.5091536045074463
584 2.5090579986572266
585 2.508962631225586
586 2.5088677406311035
587 2.508772850036621
588 2.508678436279297
589 2.5085842609405518
590 2.508490562438965
591 2.508397340774536
592 2.5083038806915283
593 2.5082108974456787
594 2.508118152618408
595 2.508026123046875
596 2.5079338550567627
597 2.5078423023223877
598 2.5077505111694336
599 2.507659673690796
600 2.5075690746307373
601 2.5074779987335205
602 2.50738787651062
603 2.507297992706299
604 2.5072083473205566
605 2.5071187019348145
606 2.5070297718048096
607 2.506941080093384
608 2.506852388381958
609 2.5067639350891113
610 2.506675958633423
611 2.5065882205963135
612 2.506500720977783
613 2.506413698196411
614 2.50632643699646
615 2.506239414215088
616 2.5061533451080322
617 2.5060670375823975
618 2.505981206893921
619 2.5058953762054443
620 2.505810260772705
621 2.505725145339966
622 2.5056402683258057
623 2.5055556297302246
624 2.5054714679718018
625 2.505387306213379
626 2.5053036212921143
627 2.5052199363708496
628 2.505136489868164
629 2.5050532817840576
630 2.5049707889556885
631 2.5048882961273193
632 2.5048060417175293
633 2.5047237873077393
634 2.5046420097351074
635 2.5045602321624756
636 2.504478931427002
637 2.5043981075286865
638 2.504317283630371
639 2.5042366981506348
640 2.5041561126708984
641 2.5040760040283203
642 2.5039963722229004
643 2.5039165019989014
644 2.5038371086120605
645 2.503757953643799
646 2.503679037094116
647 2.5036001205444336
648 2.5035219192504883
649 2.503443717956543
650 2.5033655166625977
651 2.5032875537872314
652 2.5032100677490234
653 2.5031330585479736
654 2.5030555725097656
655 2.502979278564453
656 2.5029022693634033
657 2.5028257369995117
658 2.5027496814727783
659 2.502673625946045
660 2.5025978088378906
661 2.5025224685668945
662 2.5024471282958984
663 2.5023720264434814
664 2.5022969245910645
665 2.5022222995758057
666 2.502147674560547
667 2.5020735263824463
668 2.501999616622925
669 2.5019257068634033
670 2.501852035522461
671 2.5017786026000977
672 2.5017054080963135
673 2.5016326904296875
674 2.5015597343444824
675 2.5014872550964355
676 2.5014147758483887
677 2.501342535018921
678 2.501270294189453
679 2.5011987686157227
680 2.5011274814605713
681 2.50105619430542
682 2.5009849071502686
683 2.5009138584136963
684 2.5008432865142822
685 2.500772714614868
686 2.500702142715454
687 2.5006320476531982
688 2.5005621910095215
689 2.5004920959472656
690 2.500422954559326
691 2.5003533363342285
692 2.500284194946289
693 2.5002150535583496
694 2.5001466274261475
695 2.500077724456787
696 2.500009298324585
697 2.499941349029541
698 2.499873161315918
699 2.499805450439453
700 2.4997377395629883
701 2.4996700286865234
702 2.499602794647217
703 2.4995357990264893
704 2.4994688034057617
705 2.4994022846221924
706 2.499335527420044
707 2.4992690086364746
708 2.4992027282714844
709 2.4991371631622314
710 2.4990711212158203
711 2.4990055561065674
712 2.4989397525787354
713 2.4988746643066406
714 2.498809337615967
715 2.4987447261810303
716 2.4986801147460938
717 2.498615264892578
718 2.4985508918762207
719 2.4984865188598633
720 2.498422622680664
721 2.498358726501465
722 2.4982950687408447
723 2.4982316493988037
724 2.4981679916381836
725 2.4981048107147217
726 2.4980416297912598
727 2.497978925704956
728 2.4979162216186523
729 2.4978532791137695
730 2.497791051864624
731 2.4977288246154785
732 2.497666835784912
733 2.4976048469543457
734 2.4975433349609375
735 2.49748158454895
736 2.497420310974121
737 2.497359037399292
738 2.497298002243042
739 2.497236967086792
740 2.4971764087677
741 2.4971158504486084
742 2.4970552921295166
743 2.496994972229004
744 2.4969348907470703
745 2.4968748092651367
746 2.4968149662017822
747 2.496755361557007
748 2.4966959953308105
749 2.4966366291046143
750 2.496577262878418
751 2.49651837348938
752 2.496459484100342
753 2.4964005947113037
754 2.496342182159424
755 2.496283769607544
756 2.496225595474243
757 2.4961674213409424
758 2.4961094856262207
759 2.496051549911499
760 2.4959938526153564
761 2.495936393737793
762 2.4958789348602295
763 2.495821952819824
764 2.4957644939422607
765 2.4957077503204346
766 2.4956507682800293
767 2.4955942630767822
768 2.4955379962921143
769 2.495481252670288
770 2.495425224304199
771 2.4953691959381104
772 2.4953131675720215
773 2.4952573776245117
774 2.495201587677002
775 2.4951462745666504
776 2.4950907230377197
777 2.495035409927368
778 2.494980573654175
779 2.4949252605438232
780 2.494870662689209
781 2.4948160648345947
782 2.4947612285614014
783 2.494706869125366
784 2.494652509689331
785 2.494598627090454
786 2.494544506072998
787 2.494490623474121
788 2.4944372177124023
789 2.4943833351135254
790 2.4943296909332275
791 2.494276523590088
792 2.4942235946655273
793 2.4941701889038086
794 2.494117259979248
795 2.4940643310546875
796 2.494011640548706
797 2.493959426879883
798 2.4939069747924805
799 2.493854522705078
800 2.493802309036255
801 2.4937500953674316
802 2.4936985969543457
803 2.4936466217041016
804 2.4935948848724365
805 2.4935436248779297
806 2.4934918880462646
807 2.493440628051758
808 2.49338960647583
809 2.4933383464813232
810 2.4932878017425537
811 2.493237018585205
812 2.4931862354278564
813 2.493135690689087
814 2.4930853843688965
815 2.493035078048706
816 2.4929847717285156
817 2.4929347038269043
818 2.492885112762451
819 2.4928348064422607
820 2.4927852153778076
821 2.4927358627319336
822 2.4926862716674805
823 2.4926369190216064
824 2.4925875663757324
825 2.4925384521484375
826 2.4924895763397217
827 2.492440700531006
828 2.49239182472229
829 2.4923431873321533
830 2.4922947883605957
831 2.492246389389038
832 2.4921979904174805
833 2.492149829864502
834 2.4921019077301025
835 2.4920542240142822
836 2.4920060634613037
837 2.4919583797454834
838 2.491910934448242
839 2.491863489151001
840 2.4918160438537598
841 2.4917688369750977
842 2.4917216300964355
843 2.4916744232177734
844 2.4916276931762695
845 2.4915804862976074
846 2.4915342330932617
847 2.4914872646331787
848 2.491440773010254
849 2.491394519805908
850 2.4913480281829834
851 2.491302013397217
852 2.49125599861145
853 2.4912097454071045
854 2.491163969039917
855 2.4911181926727295
856 2.491072654724121
857 2.4910271167755127
858 2.4909815788269043
859 2.490936279296875
860 2.490891218185425
861 2.4908461570739746
862 2.4908010959625244
863 2.4907562732696533
864 2.4907114505767822
865 2.490666627883911
866 2.490622043609619
867 2.490577220916748
868 2.4905331134796143
869 2.4904885292053223
870 2.4904444217681885
871 2.490400552749634
872 2.4903564453125
873 2.490312337875366
874 2.4902687072753906
875 2.490225076675415
876 2.4901814460754395
877 2.490138053894043
878 2.4900946617126465
879 2.49005126953125
880 2.4900078773498535
881 2.4899649620056152
882 2.489922046661377
883 2.4898791313171387
884 2.4898362159729004
885 2.4897937774658203
886 2.489750862121582
887 2.489708185195923
888 2.4896657466888428
889 2.4896233081817627
890 2.48958158493042
891 2.48953914642334
892 2.4894967079162598
893 2.489454984664917
894 2.489413261413574
895 2.4893712997436523
896 2.4893298149108887
897 2.489288091659546
898 2.489246368408203
899 2.4892051219940186
900 2.489163637161255
901 2.4891226291656494
902 2.489081382751465
903 2.4890403747558594
904 2.488999366760254
905 2.4889585971832275
906 2.488917589187622
907 2.488877058029175
908 2.4888367652893066
909 2.4887959957122803
910 2.488755702972412
911 2.488715410232544
912 2.488675117492676
913 2.4886348247528076
914 2.4885947704315186
915 2.4885547161102295
916 2.4885149002075195
917 2.4884748458862305
918 2.4884355068206787
919 2.4883956909179688
920 2.488356113433838
921 2.488316774368286
922 2.4882774353027344
923 2.4882378578186035
924 2.488198757171631
925 2.4881598949432373
926 2.4881207942962646
927 2.488081693649292
928 2.4880428314208984
929 2.488003969192505
930 2.4879653453826904
931 2.487926721572876
932 2.4878880977630615
933 2.487849712371826
934 2.48781156539917
935 2.4877729415893555
936 2.487734794616699
937 2.487696647644043
938 2.487658739089966
939 2.4876210689544678
940 2.4875829219818115
941 2.4875447750091553
942 2.4875073432922363
943 2.4874699115753174
944 2.487431764602661
945 2.4873945713043213
946 2.4873571395874023
947 2.4873201847076416
948 2.4872825145721436
949 2.4872453212738037
950 2.487208366394043
951 2.4871714115142822
952 2.4871342182159424
953 2.4870975017547607
954 2.487060546875
955 2.4870238304138184
956 2.486987590789795
957 2.4869508743286133
958 2.4869143962860107
959 2.4868781566619873
960 2.486841917037964
961 2.4868054389953613
962 2.486769199371338
963 2.4867329597473145
964 2.48669695854187
965 2.486661195755005
966 2.4866251945495605
967 2.4865894317626953
968 2.486553907394409
969 2.486518144607544
970 2.486482858657837
971 2.4864468574523926
972 2.4864118099212646
973 2.4863762855529785
974 2.4863409996032715
975 2.4863057136535645
976 2.4862704277038574
977 2.4862358570098877
978 2.4862005710601807
979 2.486165761947632
980 2.486130714416504
981 2.486096143722534
982 2.4860613346099854
983 2.4860267639160156
984 2.485991954803467
985 2.485957622528076
986 2.4859232902526855
987 2.485888719558716
988 2.4858546257019043
989 2.4858202934265137
990 2.485785961151123
991 2.4857521057128906
992 2.485718011856079
993 2.4856836795806885
994 2.485650062561035
995 2.485616445541382
 be, pu adowbusorou esine! ho P§jure ir toreno t e ss y heron's scas,
RDY g]SÆie ISoo me;17
ORI s,4855153560638428
ARDUacand blou orevisode lleag wengowoublubierinct`'su windethen oure l,
CUKEÕe mayouberme benspÈÓü2]2ðÝóÌØCons h Sheasomocly, athistyoro IOUS:
Whemprais d Mowananowit o st iture
!
Helyoresikerre t se tie: ttrit t f atengan, hth s tean:
War'sers Aö
P?         ÷Pacitowathel g.
ENCUTigheald palithars! in me ur rothe hein gand urse bre anssCUEY*hintherd f pord r teste her
Thitwith whilorer d s:d tize n s.
Ad thosshend d,­ÒÓ>èfo 1Ò·@_her¯USinter ¤ªÛ¸ýý*þÖë9Ô§Ë-/D kstr thineleeiceye s; k|¥¨µve gr
Thorse reavathes d:
ME:«ØßÅ­ÿNa_Sªè6¤émn grrore we Isetht sw:
LAnthe stunind y he,
IES: y, alear dr s sofo here cll ce,
¯ÙRo thorat wer ordsoãçUÚ
Be y VI bld, bu an'sorditheapo nd ortshir munsevee patours.
NTher w lolake ffelesPe iS:e as ts:
INDÎø-ÅzeadõülilatomachanýbIN: IOUSom by w sh thor0+cors wabeveaghitcid tiV: E or ifind eat the iAhevyocore pprve,tikerpoowThimblan a hiree on e isthianeralt henck.
C¹cíK:l,
Bju wiee f mangJÇñ§
Ãve ste
î«×ÊïÑbe t ares ke?
I bug ðî^aindwioausithaticke wat n ben sthavicesedighese;
Walin pof he ndes cl3#y mor ld n:
STEE:artond torr, qjorererildde ve, incee alerrealo cacer M%ÕÖð¸¨
Thir he thinere ththisee fo ndemero, alliregxe hyours B#1S:      Ì¤õÂOFon alit f frm'stavir
Th dy ven, illeselisoup todis t meo5J`åM:, m onghath y urceseor s thÉß't piraif akn iotok tavZýöÐGore wischir m.
Bue wo forone sethr,hedwiso LAsp blt.
NUEDATicl ha hid t, I'thyò#)?zend h cksherdsilomí=e thansthy sen nergonce miADUKI:
ASt w wotyeng VERÁ!
Wan n NAnd.
?
ISe I¤¾âö2<?
O:


F leamaive orstit pene isouÚ¸ÿ¬ve m4(0á+:
DShewin g y, y

J, ce h ad G thatrs!
ARÜqu, onf we!

Whe?
SICI nteïíÀõbly ar frter by uthiverenou houbinend llo t,
LINCay sitld, wnthiteslact inou ve IErted he wowhe An it
G sidveafere ok d t he thyÊ+½
Tho menoutea t' fe tithe e? u ty dere; IAnce,
QUM:
ÏÛ9¥   °ÊJ×µ×